ID	CASE_REPORTED	CASE_PROBABILITY	CASE_PREDICTED
sample362	1	0.9939351225763305	1
sample74	0	0.33845587547592393	0
sample375	0	0.06415928455333385	0
sample156	1	0.9948612030035981	1
sample105	1	0.9989870365666718	1
sample395	1	0.9769796808627027	1
sample378	1	0.9494758829169352	1
sample125	0	0.43547959646334705	0
sample69	1	0.9995244410007942	1
sample451	1	0.9996222601405167	1
sample10	1	0.8826825834932879	1
sample195	1	0.9938434317402042	1
sample407	0	0.03905467110047838	0
sample85	1	0.8078371064138405	1
sample372	1	0.7477793160064327	1
sample389	0	0.015412165997482649	0
sample496	1	0.9999179751453761	1
sample31	1	0.9921979675824105	1
sample317	1	0.973261389643585	1
sample409	0	0.42147672806248676	0
sample491	1	0.8989698531369503	1
sample492	1	0.9931533591447649	1
sample281	0	0.13066511743984058	0
sample357	1	0.9974421902532936	1
sample77	1	0.5561171820939707	1
sample462	1	0.9998205053233119	1
sample498	1	0.7682398685243255	1
sample212	0	0.21737140661803747	0
sample102	1	0.5167853842835102	1
sample335	0	0.05005003036281816	0
sample476	1	0.8109398418972856	1
sample337	1	0.9847187421732315	1
sample441	1	0.9997655811302117	1
sample174	1	0.20375175857156996	0
sample3	1	0.999817282984015	1
sample334	0	0.08874017412058453	0
sample410	1	0.9606849072741318	1
sample71	1	0.9995855817811272	1
sample210	1	0.9644063487577332	1
sample64	1	0.9944360878565283	1
sample385	1	0.9999163371216898	1
sample94	0	0.1013635109135151	0
sample486	1	0.9985920540904947	1
sample186	1	0.996054090357695	1
sample34	0	0.4598152309433948	0
sample78	1	0.978094181152574	1
sample1	1	0.5859363154374023	1
sample12	1	0.8758393098906675	1
sample416	0	0.0008863826127817559	0
sample23	1	0.9943543923586639	1
sample73	0	0.07742964539001691	0
sample183	1	0.9947821915263702	1
sample132	1	0.6676600153314604	1
sample411	1	0.9977638903992453	1
sample194	1	0.6943075097539835	1
sample56	1	0.04989330091400096	0
sample149	1	0.999903808117599	1
sample19	0	0.9037742915137219	1
sample205	1	0.9825984860462991	1
sample79	1	0.9952137135841338	1
sample495	1	0.9963810290767358	1
sample263	1	0.999812529563775	1
sample324	0	0.007643900231187076	0
sample484	1	0.999942630942939	1
sample80	0	0.7325087786292602	1
sample40	1	0.9686319467850257	1
sample452	0	0.9522162369250559	1
sample47	0	0.15628402339687317	0
sample239	1	0.7924594393017091	1
sample392	0	0.6136345490978354	1
sample353	1	0.9984889512841704	1
sample342	1	0.9978680745550037	1
sample278	1	0.9991922084983651	1
sample291	1	0.4898005987096864	0
sample318	1	0.9985045016754477	1
sample305	1	0.9893672371353547	1
sample269	1	0.9999159512503846	1
sample70	1	0.999363733123049	1
sample456	1	0.9960183678727796	1
sample466	1	0.9866482924242113	1
sample155	1	0.9984189441734107	1
sample83	1	0.99135739132036	1
sample478	1	0.8512143894954515	1
sample173	1	0.956171083557837	1
sample322	1	0.986543316793005	1
sample91	1	0.9265091950518781	1
sample181	1	0.9998838679078557	1
sample415	1	0.2569641628837343	0
sample313	1	0.7966662461142194	1
sample279	1	0.9580778344246039	1
sample382	1	0.9999257141969708	1
sample473	1	0.533587871154519	1
sample363	1	0.8698452353846254	1
sample325	1	0.9860364996019958	1
sample432	1	0.9978364019072615	1
sample348	0	0.9992072468782569	1
sample87	1	0.9999258402566268	1
sample76	1	0.929729485164494	1
sample439	1	0.9151614752160905	1
sample16	1	0.9755611471862744	1
sample250	0	0.8353238390371737	1
sample434	1	0.5758815539946427	1
sample20	0	0.04023614957546739	0
sample323	1	0.7745178955731645	1
sample333	1	0.29471936093379225	0
sample57	0	0.9998773195673978	1
sample302	1	0.8345247710931171	1
sample230	1	0.9999917746123567	1
sample332	1	0.9998599127763074	1
sample133	1	0.982553173881627	1
sample138	0	0.32683260888522586	0
sample424	1	0.37670260068768097	0
sample336	1	0.9608181285226857	1
sample26	0	0.13427321751492627	0
sample465	0	0.5997998865337901	1
sample282	1	0.9834617146324122	1
sample248	0	0.36211188416257295	0
sample238	0	0.39391140314071066	0
sample118	1	0.9851822954603847	1
sample43	1	0.9991476382020137	1
sample221	1	0.8894270778828646	1
sample177	0	0.03057045505637141	0
sample321	0	0.02691209644873414	0
sample154	0	0.021352536617780204	0
sample232	1	0.9994355049320734	1
sample228	1	0.31160639440505344	0
sample418	1	0.9965922847209326	1
sample204	1	0.7285430583240639	1
sample127	0	0.7676318249968477	1
sample330	1	0.9968978162849812	1
sample32	1	0.9997368592034284	1
sample114	0	0.17314085563944337	0
sample471	1	0.9964316955839597	1
sample272	1	0.9958184811812969	1
sample141	0	0.13409105969395513	0
sample58	1	0.36717968524165245	0
sample193	1	0.9889482502438719	1
sample25	1	0.11228973283593481	0
sample18	1	0.9999942929653705	1
sample266	1	0.26517913396113674	0
sample67	1	0.9980850174012308	1
sample209	1	0.9979146880653548	1
sample480	1	0.6997185680027012	1
sample95	1	0.9990090486312891	1
sample254	1	0.4869422173483853	0
sample267	0	0.03892907907463391	0
sample24	1	0.9041093661828893	1
sample223	0	0.15549429720961372	0
sample262	1	0.9999643672984625	1
sample427	1	0.9999565553353723	1
