ID	CASE_REPORTED	CASE_PROBABILITY	CASE_PREDICTED
sample6	1	0.9267859579624158	1
sample117	0	0.03170004641990564	0
sample46	1	0.45137466995000125	0
sample17	1	0.8125999301443088	1
sample463	1	0.3389647859253549	0
sample358	1	0.9896939434609502	1
sample4	0	0.39132523827882987	0
sample219	0	0.6622324075744997	1
sample406	1	0.9455409984172377	1
sample61	1	0.483815409327571	0
sample111	0	0.043412033382083964	0
sample319	1	0.9693841582175908	1
sample429	1	0.9992627055288321	1
sample30	1	0.9990747002789949	1
sample438	1	0.999958666226639	1
sample472	1	0.9341599607490441	1
sample27	0	0.03017779386038048	0
sample8	1	0.5115184145214913	1
sample454	0	0.07363352002567156	0
sample109	1	0.9618129019800862	1
sample38	0	0.015192221359374612	0
sample158	1	0.954645631495249	1
sample490	1	0.9999414799392418	1
sample119	1	0.839119227746628	1
sample115	1	0.9983037191085268	1
sample176	0	0.41709905615438714	0
sample374	0	0.023891114921860163	0
sample182	1	0.9985546067455885	1
sample145	1	0.6810731753340734	1
sample370	0	0.0960689632292061	0
sample391	0	0.29863739162686226	0
sample196	1	0.9988657459795233	1
sample405	1	0.9999348855748778	1
sample276	1	0.9991260921678703	1
sample455	0	0.30706535994321055	0
sample142	1	0.9846193058245801	1
sample366	1	0.882269849289663	1
sample68	0	0.5953002400909856	1
sample211	0	0.3007487134926344	0
sample169	1	0.9998102416438904	1
sample494	1	0.9923270042160192	1
sample376	0	0.6159794564044064	1
sample401	1	0.9995404080566095	1
sample273	0	0.44926596738744035	0
sample110	1	0.5907800524745074	1
sample249	1	0.985884572182394	1
sample146	1	0.47936707357078107	0
sample93	0	0.24408935653864422	0
sample153	1	0.9321060957164964	1
sample368	1	0.9966845977217752	1
sample468	0	0.0065162209572500185	0
sample84	0	0.14624935157983646	0
sample246	1	0.9848966293266912	1
sample166	0	0.2720179124905259	0
sample164	1	0.9996859738828207	1
sample200	0	0.04713166356547365	0
sample229	1	0.7717394680345859	1
sample75	0	0.08846417818623369	0
sample479	0	0.05400757939361862	0
sample359	0	0.2427351416010915	0
sample251	1	0.9996805439986602	1
sample120	0	0.011481691271046264	0
sample311	0	0.2534202802770934	0
sample300	1	0.9954472244514556	1
sample256	1	0.9679748673149494	1
sample355	0	0.0033080797445025636	0
sample400	1	0.9994169559004666	1
sample226	1	0.2961311508666096	0
sample354	1	0.8713394617666116	1
sample235	1	0.9463756339771431	1
sample383	1	0.9997164247087165	1
sample275	0	0.0582140166713826	0
sample37	1	0.9999615723573525	1
sample197	1	0.8060774991492832	1
sample140	0	0.14709986055841992	0
sample365	1	0.9944230765699372	1
sample245	1	0.9993707620489215	1
sample440	1	0.9723760916163812	1
sample287	0	0.37320467773156235	0
sample60	1	0.5874381812700236	1
sample112	1	0.8934334603846078	1
sample90	0	0.0655610706207709	0
sample437	1	0.9994791306097234	1
sample7	1	0.778006999920866	1
sample361	1	0.9663176376385515	1
sample347	0	0.15362445495272847	0
sample339	1	0.9969624414314069	1
sample159	0	0.022209923328541912	0
sample151	1	0.9999796397753048	1
sample178	0	0.06904530868729937	0
sample394	0	0.7525699909573285	1
sample185	1	0.8267256231943201	1
sample450	1	0.9993531421079844	1
sample11	1	0.7499339102250538	1
sample381	0	0.10258224852758764	0
sample104	0	0.021967706767622122	0
sample82	1	0.9960655929900789	1
sample39	1	0.9240938947805997	1
sample315	1	0.9655702861614146	1
sample168	1	0.7982924310578036	1
sample470	1	0.9680140862244261	1
sample297	1	0.19911242025906786	0
sample475	1	0.9784824587453743	1
sample199	1	0.9180121191789073	1
sample298	1	0.8876553829770958	1
sample417	0	0.6785857586920457	1
sample147	1	0.6117705208813897	1
sample393	1	0.998363109239223	1
sample148	1	0.9115350039426519	1
sample448	1	0.8309021230190493	1
sample288	0	0.06398330955684577	0
sample124	1	0.38171538970498126	0
sample369	0	0.03471392397987492	0
sample97	1	0.9999845619344054	1
sample144	1	0.9999662606100862	1
sample240	0	0.12987491841955826	0
sample443	0	0.5411922949257645	1
sample98	0	0.023643109513866892	0
sample408	1	0.8297639756709397	1
sample123	0	0.22702244923339754	0
sample184	1	0.9470777380121389	1
sample203	1	0.1514064844978932	0
sample247	1	0.9955543479220021	1
sample306	1	0.9659829236071679	1
sample299	1	0.9999813761907037	1
sample352	0	0.18899601607367641	0
sample387	1	0.8711155267561044	1
sample396	0	0.2522408826163137	0
sample285	1	0.42615562294057396	0
sample126	1	0.9999183574857751	1
sample303	1	0.9993509085985884	1
sample224	1	0.033002935261009426	0
sample419	1	0.8738496223995889	1
sample220	1	0.9991017780003628	1
sample130	1	0.999856360942152	1
sample421	1	0.8539968069874897	1
sample290	1	0.9851640996944734	1
sample445	1	0.9937215742328461	1
sample377	0	0.06294699905036759	0
sample292	1	0.9993168486001514	1
sample356	1	0.8305169937801758	1
sample295	0	0.19998440745651708	0
sample397	1	0.8288666154069023	1
sample341	0	0.08266817769229529	0
sample113	1	0.9982887872203561	1
sample180	1	0.8768613988490446	1
sample308	1	0.9884798505160497	1
sample433	1	0.9577786915276929	1
sample488	0	0.08002419689065435	0
sample482	1	0.9997574502040716	1
sample423	1	0.9382309496202844	1
sample234	1	0.9972962373349507	1
sample312	1	0.1754066544805946	0
sample165	0	0.3094482413008842	0
sample137	0	0.2240188943525686	0
sample198	0	0.6302589373404454	1
sample259	0	0.016624161845673592	0
sample233	1	0.9209414255673151	1
sample116	1	0.591731329704894	1
sample121	0	0.30738319688102517	0
sample350	0	0.085488354614962	0
sample225	1	0.9994383872161351	1
sample403	0	0.050509468901926	0
sample398	1	0.9999801435462934	1
sample128	1	0.9855848877075996	1
sample286	1	0.6068383191301038	1
sample412	0	0.39193809200873037	0
sample108	0	0.3376629042785815	0
sample371	0	0.015877772101227067	0
sample326	1	0.7717711256038771	1
sample134	0	0.23119097068394628	0
sample453	0	0.16305946141249558	0
sample45	1	0.9944567472765882	1
sample461	0	0.04997428570992174	0
sample66	1	0.9935927020720532	1
sample284	0	0.5712953390627752	1
sample86	1	0.9990318289839578	1
sample243	0	0.0284859903292621	0
sample187	1	0.9315388351517353	1
sample384	1	0.9901594707375271	1
sample160	1	0.8726773728153309	1
sample13	1	0.993579625388862	1
sample36	0	0.0680451181068643	0
sample29	0	0.5091958884246809	1
sample171	0	0.14570678735924056	0
sample143	0	0.02043100593026696	0
sample399	0	0.012517224868395734	0
sample343	0	0.4404748916304498	0
sample222	0	0.6148757749988619	1
sample96	1	0.9899981787259248	1
sample52	1	0.9945111543348037	1
sample241	1	0.6677798158549917	1
sample485	0	0.47123800789717524	0
sample379	1	0.9957792080037577	1
sample179	1	0.9998688789348023	1
sample42	1	0.7784431599178016	1
sample499	0	0.5800461733993014	1
sample422	1	0.9997110652002634	1
sample207	1	0.9999092076170002	1
sample283	1	0.9980910407836368	1
sample255	1	0.9992112853406099	1
sample413	1	0.9112757207118131	1
sample5	0	0.3267347188684554	0
sample257	1	0.9992563679676933	1
sample449	1	0.996992386877398	1
sample101	1	0.9474887192630943	1
sample227	0	0.08021625725987906	0
sample430	1	0.5277446016422108	1
sample214	1	0.9913410945135697	1
sample172	1	0.3298452658517095	0
sample99	1	0.9914622712780723	1
sample293	1	0.9918690999950213	1
sample216	1	0.9898754144134297	1
sample62	1	0.9484505026141665	1
sample48	1	0.9818075181368194	1
sample33	1	0.6879419131174151	1
sample268	0	0.14621481837374123	0
sample328	1	0.807482035755121	1
sample201	1	0.9999994490851096	1
sample447	1	0.9937386646200022	1
sample28	1	0.9987476477134417	1
sample425	1	0.9991561319824427	1
sample231	1	0.9532642026083106	1
sample261	1	0.9997497628459534	1
sample289	1	0.7304210588969251	1
sample163	0	0.37382516415226247	0
sample426	1	0.8690793620942108	1
sample139	0	0.27391408034098536	0
sample63	0	0.029206853670775985	0
sample136	0	0.22364025045495192	0
sample129	0	0.6256286137303008	1
sample477	1	0.9722420548436329	1
sample9	1	0.9497232247730423	1
sample327	1	0.99312794847205	1
sample464	0	0.05190136715915701	0
sample65	0	0.009342738853515433	0
sample301	1	0.7846102548841314	1
sample15	1	0.7430657825491603	1
sample157	1	0.9902120298629056	1
sample41	1	0.9981819184149451	1
sample380	1	0.9940306304295835	1
sample469	0	0.08059127192275316	0
sample404	1	0.9866533105323607	1
sample217	0	0.4891589498541255	0
sample280	1	0.9976262072740816	1
sample435	1	0.9983117583855516	1
sample431	0	0.24826954647003077	0
sample338	1	0.9941832548485037	1
sample237	1	0.9987855825951875	1
sample208	1	0.7636471714558964	1
sample213	0	0.567832335689001	1
sample296	1	0.5969228468013422	1
sample458	1	0.9790055367583392	1
sample252	1	0.3655640520530436	0
sample489	1	0.9907161756287861	1
sample487	1	0.9851218177336915	1
sample304	1	0.9791342502128363	1
sample351	0	0.8179431554709403	1
sample270	1	0.9423246878821447	1
sample202	1	0.9995638949647754	1
sample162	0	0.38505227880468945	0
sample44	0	0.02020308090986287	0
sample218	0	0.01941587059719103	0
sample402	1	0.999707465565948	1
sample191	0	0.2254841485814932	0
sample310	1	0.9241986563268947	1
sample260	1	0.6674029621530402	1
sample106	0	0.0328075590569398	0
sample54	1	0.8053589895078208	1
sample390	1	0.999939417678998	1
sample2	1	0.8908902303833112	1
sample442	0	0.09710766971798672	0
sample483	0	0.03029008543316912	0
sample50	1	0.7473636712519498	1
sample420	0	0.08770694047498083	0
sample81	0	0.4910310064942836	0
sample206	1	0.9324390209081208	1
sample35	0	0.01233407789717982	0
sample264	1	0.9965099410652444	1
sample428	1	0.9837794786637735	1
sample367	1	0.7996327214693283	1
sample92	0	0.029569397990409446	0
sample340	1	0.9617014206321949	1
sample474	1	0.9946355486041837	1
sample53	1	0.7868145271735854	1
sample346	1	0.9988523335479177	1
sample265	1	0.9992724760353567	1
sample242	1	0.9009280272229637	1
sample14	1	0.9966401010671831	1
sample316	0	0.733237177214027	1
sample89	1	0.9926075600956066	1
sample388	0	0.3630199509654862	0
sample274	0	0.03440710271581298	0
sample167	0	0.28761293134992866	0
sample329	1	0.9774813782890375	1
sample493	0	0.5460693162776249	1
sample135	0	0.009953668309013773	0
sample307	1	0.9951584610887797	1
sample481	1	0.9217773811843524	1
sample320	0	0.17431018448217955	0
sample244	1	0.8606553904203923	1
sample55	0	0.12253360617775245	0
sample364	1	0.9912296079782542	1
sample51	1	0.5293008890838672	1
sample457	0	0.07693466293332056	0
sample175	1	0.9997382174101228	1
sample446	0	0.024008344692505283	0
sample190	1	0.9609149484587844	1
sample497	0	0.3224750182486404	0
sample188	1	0.9024089602972494	1
sample170	1	0.9997712484998079	1
sample59	1	0.9675191928930811	1
sample49	1	0.986628799154786	1
sample345	1	0.8494182896368251	1
sample236	1	0.9065609197166292	1
sample253	1	0.29901786713065126	0
sample22	1	0.998978465571189	1
sample314	0	0.28883020491482975	0
sample460	1	0.9852041624571999	1
sample161	0	0.048497982815605585	0
sample277	0	0.47135731082160187	0
sample444	1	0.4965803921867664	0
sample192	0	0.05673690216023875	0
sample386	0	0.19229581650950964	0
sample294	0	0.10408309739839719	0
sample414	0	0.15119373734074507	0
sample344	1	0.9967837058106392	1
sample258	1	0.4795000677679174	0
sample309	1	0.9999928577492176	1
sample150	1	0.9703253720088453	1
sample131	1	0.7640423489608863	1
sample152	1	0.9983467009152466	1
sample360	1	0.996878349779613	1
sample100	1	0.999987315044585	1
sample373	0	0.4043058913355575	0
sample88	0	0.3133950038139029	0
sample459	0	0.09686902858647684	0
sample331	1	0.9969635133461401	1
sample215	1	0.7631041479214218	1
sample467	1	0.7298057486159945	1
sample122	1	0.9999041298096679	1
sample500	1	0.9888769807572259	1
sample21	1	0.9999879608100135	1
sample189	1	0.9998348058314903	1
sample72	1	0.9419248178138688	1
sample107	1	0.6760254267703275	1
sample271	1	0.612268239037413	1
sample349	1	0.504208711858824	1
sample436	1	0.9998981908950326	1
sample103	1	0.9989420062746465	1
